odom_x, odom_y, odom_th, odom_vx, odom_yawrate, pf_x, pf_y, pf_th, stamp, 
5.9638450732006684e-05, -9.967912128305827e-07, 1.522940048646694e-06, 4.135188914372526e-06, -5.661347575297172e-08, 0.021549534064389357, 0.07534514164758067, -0.000950575959133589, 37536000000, 
5.9669462061435894e-05, -9.96777689539589e-07, 1.5283706596950037e-06, 3.394657608930527e-06, -6.705486394002597e-08, 0.018725437233534033, 0.07358907104675651, -0.0031771326894543565, 37740000000, 
5.9630155767925756e-05, -9.96798508619171e-07, 1.5329825745587627e-06, 3.336368001717018e-06, -7.001620433784732e-08, 0.025289396858266068, 0.08327025489942234, -0.003524962491883002, 37944000000, 
5.970732626254595e-05, -9.968315786626126e-07, 1.538885291118687e-06, 3.3283661848199308e-06, -7.338542808241692e-08, 0.017972182485902207, 0.08301731820630548, 0.0019089690848828724, 38148000000, 
5.967269839965286e-05, -9.968148963251454e-07, 1.543582915283231e-06, 3.3756462086215077e-06, -6.914642492907386e-08, 0.03728369983542003, 0.09050298053935125, 0.00232653182992975, 38352000000, 
5.9693617111776935e-05, -9.96881673817335e-07, 1.5487852885511945e-06, 4.146884357363714e-06, -5.524760318854605e-08, 0.0345667012733277, 0.07976196284257166, -0.003430062133819776, 38556000000, 
5.971523556272222e-05, -9.968746872491644e-07, 1.5541170690741167e-06, 3.306950259193406e-06, -7.302874343250894e-08, 0.028783401840086525, 0.08282031736670947, -0.004074365506854983, 38760000000, 
5.974834549598244e-05, -9.969295244676017e-07, 1.5595330555276024e-06, 4.337459589429041e-06, -5.1092510009020744e-08, 0.027022283445602098, 0.08214757391884361, -0.00450282088806999, 38964000000, 
5.973366920593056e-05, -9.968967152444768e-07, 1.5644386139150114e-06, 3.3457718918217105e-06, -6.839810782574406e-08, 0.024272904459989145, 0.08058070941648322, -0.00038512301545996774, 39168000000, 
5.9730336537212546e-05, -9.969709307175853e-07, 1.5694351758114181e-06, 4.117711755499341e-06, -5.616045435348932e-08, 0.02818892408135434, 0.07581824236382673, 0.003391676999152732, 39372000000, 
5.97700777648972e-05, -9.96983917560419e-07, 1.5749431080608892e-06, 3.2587578351395314e-06, -7.406399181359303e-08, 0.03138332495455463, 0.08108539786704162, 0.001426694052406838, 39576000000, 
0.0007495377657603155, -7.2674065389423156e-06, -0.028622854023385907, 0.01526320031348268, -0.7296017096042974, 0.03675024194581911, 0.07919938533746473, -0.08953115173234176, 39780000000, 
0.003773028132908126, -0.00023209174183209643, -0.11548980464858556, 0.026662495651469408, -0.4760654270375512, 0.062224088112964926, 0.06804210124387773, -0.18570296717783918, 39950000000, 
0.009311350041421999, -0.0011501191890876741, -0.21686867343828914, 0.02725728717089705, -0.5059954639557838, 0.08630198428759812, 0.05599587972426368, -0.2895716154831859, 40154000000, 
0.014679138144003496, -0.0026108755676443295, -0.3188227741315012, 0.027231346103135098, -0.4994059558457148, 0.037693940484739515, 0.06663734490089777, -0.32789168691438153, 40358000000, 
0.01986456158363292, -0.00460738269250717, -0.42081187542901255, 0.02730907649146173, -0.49976279918602734, 0.04073835143435081, 0.07644586474202099, -0.42740709146295564, 40562000000, 
0.024781477847650047, -0.007099443986974146, -0.5227758909523823, 0.02685333395248463, -0.4998594980424791, 0.056033640764502554, 0.06914797189039089, -0.5279344450068582, 40766000000, 
0.029298174012705534, -0.009995124142552063, -0.6247432361832541, 0.025191517401603192, -0.49984854515659355, 0.06382753058472111, 0.06787964949189015, -0.630293976278443, 40970000000, 
0.031270502251447695, -0.011483890035324174, -0.6757270606100981, 0.023572347829679166, -0.499835090200141, 0.06564050645213611, 0.07339474702744968, -0.7255349519219888, 41072000000, 
0.03509483126027414, -0.014866624630050266, -0.7776939063507944, 0.025689198281759716, -0.49981450817371803, 0.06562945348425844, 0.06614519225741813, -0.816327094952057, 41276000000, 
0.03858366960080637, -0.018635996732472133, -0.8733686445876134, 0.02457968672891522, -0.3889626835588592, 0.06775267774553977, 0.055908322994469385, -0.9101364578379261, 41480000000, 
0.042611240417549545, -0.023912176911628717, -0.9615473119879725, 0.024065200822067603, -0.2959163649094997, 0.07788090651280308, 0.0676873563793798, -0.9692673863328779, 41752000000, 
0.04526220431992062, -0.02789048837131736, -1.0048419352658213, 0.02311367111991181, -0.20004007628542322, 0.08230075199193676, 0.06177495128532889, -1.001317017931473, 41956000000, 
0.047718200587396724, -0.03190361410724899, -1.0413124375287126, 0.023267373219763708, -0.17600440572031348, 0.08426270508111887, 0.052451476281885435, -1.036874881537441, 42160000000, 
0.050046335031670726, -0.03603851853246364, -1.0762429501964785, 0.022967734993431067, -0.14683100987898937, 0.06278871911115502, 0.04798655384561368, -1.07742673486661, 42364000000, 
0.052181932505519446, -0.04014245156731585, -1.1059805289235163, 0.022120080827541216, -0.10499878583894354, 0.07585006266179393, 0.04861427866918753, -1.1099520347249145, 42568000000, 
0.05317996654003246, -0.042160678861774714, -1.1185900498685923, 0.02204448468898085, -0.11597839361338881, 0.08746162330992742, 0.04141722274036473, -1.129371445487998, 42670000000, 
0.05512450237933364, -0.046216185863535104, -1.1258390310774298, 0.02210578661443569, 0.003360191550347888, 0.07566835243536864, 0.04153997179078648, -1.1269258288890975, 42874000000, 
0.05701541454937799, -0.05020354929053569, -1.131382650832541, 0.02111346732695063, -0.04996746881080902, 0.07798967477572885, 0.029721592771599675, -1.1388320759746338, 43078000000, 
0.059417376181267155, -0.05537203935678574, -1.1372772146430448, 0.021070124065825063, -0.01062354263363275, 0.08997461351427029, 0.03428078938302772, -1.1359537091813012, 43350000000, 
0.06117714712783491, -0.05917177536844447, -1.1348961806133142, 0.020200804496002783, 0.013357621407354662, 0.08847844030817564, 0.020358095838201452, -1.1402811030633468, 43554000000, 
0.06290723565414136, -0.06287647919840819, -1.1344031783896542, 0.020114925215654212, -0.05500216196154605, 0.08845283291189238, 0.01748508201586111, -1.1439454332358354, 43758000000, 
0.06459927829151721, -0.06653496934151991, -1.1385069294466743, 0.019203073753162193, 0.013202484035157128, 0.09408377659438523, 0.013906162842948655, -1.1362794062459196, 43962000000, 
0.06621653401947748, -0.07004702992658131, -1.1385120706873502, 0.018713252713843564, 0.011076969906645794, 0.09648110958097991, 0.008609663780901134, -1.1351047790393356, 44166000000, 
0.06780241679510624, -0.07348309081373162, -1.1385410410922219, 0.01835000841399493, -0.02497105886629046, 0.1069414123353533, 0.012284885793865403, -1.1415659780595286, 44370000000, 
0.06858106016007595, -0.0751751011340131, -1.1398492953287411, 0.018260590045783155, -0.018417977225723168, 0.0947336735775254, 0.015002447857410244, -1.1437262215396793, 44472000000, 
0.07009589734801358, -0.07848565324225441, -1.1430621034355433, 0.017720743287515477, -0.015236323962627007, 0.09558409518587481, 0.00527088831401938, -1.1472494130014868, 44676000000, 
0.07209159884048845, -0.08292126718435043, -1.15138789517545, 0.018139879162758676, -0.01823227975053043, 0.10207162792815976, -0.0018411327862283256, -1.145565932806335, 44948000000, 
0.07356562703195672, -0.08623209094720696, -1.151692198041109, 0.017514673111516575, -0.001162289893298602, 0.10627303731121047, -0.009517992711432027, -1.1542904531449318, 45152000000, 
0.07499622057173701, -0.0894409530843841, -1.151874361151847, 0.01685138489738797, -0.01774906252946095, 0.10410507402231192, -0.013961117970850105, -1.1516123452235885, 45356000000, 
0.07636145887906941, -0.09251455621133207, -1.153786405853066, 0.016044796472437978, -0.005564606620356249, 0.09573914214312602, -0.013484787040095748, -1.1576017438539967, 45560000000, 
0.07766522436878967, -0.09546220368776001, -1.154263773308095, 0.015560297324142058, 0.016248980193847136, 0.10672492676888984, -0.01384542258902878, -1.1538540365586676, 45764000000, 
0.07895277879466524, -0.09836377091174602, -1.1498850677879442, 0.015624657276751662, 0.06755446490964155, 0.11161076043083785, -0.00837207460619478, -1.1478138691375213, 45968000000, 
0.07960972186897168, -0.09982268813398021, -1.145173203855886, 0.015690555085057387, 0.05528247737272293, 0.09762134055896846, -0.010355416125010532, -1.140680387016382, 46070000000, 
0.08092304268881513, -0.10270591207623318, -1.143202491771835, 0.015486668217972968, -0.01099866712726063, 0.1071004142491024, -0.020356863745553275, -1.1433494893628982, 46274000000, 
0.08269042677264514, -0.10660584395733472, -1.1448677171010506, 0.015942985223414842, 0.010360023946702716, 0.10487304961749871, -0.028977581670565005, -1.1455639859535236, 46546000000, 
0.08399282428461341, -0.10946622387516357, -1.142903027086663, 0.015007964304188067, 0.004316602567636894, 0.1069496930411984, -0.024831769646863518, -1.1487150356528293, 46750000000, 
0.08524093987871187, -0.11220123857200427, -1.1405921393428167, 0.01432852199593438, 0.04841422855875717, 0.10997080077622418, -0.029897207069785693, -1.146369326988213, 46954000000, 
0.0864666088545834, -0.11485200800065257, -1.1351628706108459, 0.014401448951262757, 0.008441380775718346, 0.1061142599210698, -0.034335769397932994, -1.1437813028861843, 47158000000, 
0.08770188032635147, -0.11749480541733946, -1.131980354307991, 0.014097297312540887, 0.008687399941071053, 0.10519390288467616, -0.03899614002928588, -1.1360946216967238, 47362000000, 
0.08891263892703351, -0.12006679302705908, -1.1278289575271703, 0.01373741891816933, 0.05160303777756528, 0.11859093196278632, -0.046757738184549945, -1.1310498520099594, 47566000000, 
0.09011241478023552, -0.1225729864347173, -1.1194495774788742, 0.01343227673661293, 0.05347124196616113, 0.11586585602884696, -0.033931590809894135, -1.1206119593109782, 47770000000, 
0.09071072386225902, -0.12380090791615597, -1.1145059909217454, 0.013385796784067979, 0.04963528013492204, 0.11190135103490735, -0.0462755882434697, -1.11634786697681, 47872000000, 
0.09185291412650368, -0.1261204395758781, -1.1132846527401645, 0.012478292807437813, -0.014915510741375832, 0.12352331851751029, -0.04805106060296609, -1.1212929109403518, 48076000000, 
0.09338304779382635, -0.1292436185289039, -1.1146597336020636, 0.012675447009462795, 0.008545977659545864, 0.10690780698496717, -0.04046675781354228, -1.1132106386217313, 48348000000, 
0.09450573688874278, -0.1315241477138617, -1.1146775641339104, 0.012273534912067962, -0.06552618052368571, 0.12707767297200964, -0.0516702064365527, -1.1177260528032653, 48552000000, 
0.09560965856122676, -0.13379229544695292, -1.1179322713174487, 0.012748522219513045, 0.054666779588774736, 0.11675721540935524, -0.04913069719875255, -1.1149210684299107, 48756000000, 
0.09674525167694065, -0.13611707231321643, -1.1186679475944674, 0.012214431246023942, -0.08936855025807693, 0.12453687393448858, -0.056668462166353954, -1.1232657303025135, 48960000000, 
0.09780118354727878, -0.13831509708387416, -1.1255044078611092, 0.01193680679231475, 0.020216366940061594, 0.11404142934403472, -0.052668632569396114, -1.1294579679111125, 49164000000, 
0.09884222705253698, -0.14049997192263386, -1.127738795566733, 0.011560950345802637, -0.02765462660337163, 0.11300032450788801, -0.07176898339496304, -1.1293064117239136, 49368000000, 
0.09934156585141102, -0.14155401855645092, -1.129606193346407, 0.01141544160663426, -0.024994110436839686, 0.12178142642839879, -0.06172944319098266, -1.1301688755052262, 49470000000, 
0.1003610911470246, -0.14370494324606112, -1.1248605555725595, 0.011766850745753722, 0.0446599690535845, 0.1229299176693452, -0.06802180839884052, -1.118871292885647, 49674000000, 
0.10167083296798671, -0.14638508106445158, -1.1100977691664828, 0.010812570051028663, 0.029970990185736814, 0.12611468900598957, -0.06801447919343158, -1.1081082104363804, 49946000000, 
0.10263411285146304, -0.14831850629555532, -1.1065006731950393, 0.010419141947711274, 0.022133127058360208, 0.12946992537496882, -0.061033468486024325, -1.1066205539127298, 50150000000, 
0.10358053351737162, -0.15020000667683528, -1.1042299075368944, 0.010320751434879689, -0.02385056021160058, 0.13401894916530308, -0.0703036596520401, -1.1013726080019623, 50354000000, 
0.10453262508130662, -0.1520955155037892, -1.1088971806171617, 0.010675221213785994, -0.07373111331624586, 0.14011064679403304, -0.05915170367905149, -1.1099725706794263, 50558000000, 
0.10547898522777138, -0.15402023914010152, -1.1201624904792127, 0.010163301884177313, -0.06602323146352125, 0.13011315822918096, -0.06675239229716383, -1.1172544600424466, 50762000000, 
0.10637370456260746, -0.15589935204838423, -1.1372160211464946, 0.010560412892163668, -0.15561537749441562, 0.13459387654092433, -0.06731994488267001, -1.1348727428857526, 50966000000, 
0.10725371490561035, -0.15785583736962014, -1.1562822727196964, 0.01027212092103582, 0.0110708392335409, 0.14403835512391347, -0.08002009642931351, -1.1542279181859676, 51170000000, 
